10 10 10 10 3000
284 993 227 331 560 1000 920 220 111 238
600 10
0 100
1 100
2 100
3 100
4 100
5 100
6 100
7 100
8 100
9 100
600 10
0 100
1 100
2 100
3 100
4 100
5 100
6 100
7 100
8 100
9 100
600 10
0 100
1 100
2 100
3 100
4 100
5 100
6 100
7 100
8 100
9 100
600 10
0 100
1 100
2 100
3 100
4 100
5 100
6 100
7 100
8 100
9 100
600 10
0 100
1 100
2 100
3 100
4 100
5 100
6 100
7 100
8 100
9 100
600 10
0 100
1 100
2 100
3 100
4 100
5 100
6 100
7 100
8 100
9 100
600 10
0 100
1 100
2 100
3 100
4 100
5 100
6 100
7 100
8 100
9 100
600 10
0 100
1 100
2 100
3 100
4 100
5 100
6 100
7 100
8 100
9 100
600 10
0 100
1 100
2 100
3 100
4 100
5 100
6 100
7 100
8 100
9 100
600 10
0 100
1 100
2 100
3 100
4 100
5 100
6 100
7 100
8 100
9 100
5 1 1984
0 6 4990
2 1 645
7 8 6835
5 5 1029
7 4 5328
5 8 4731
3 8 6324
2 2 1596
6 4 6863
